[ 9411.188885] [Project1] 3602 1588149195.278408326 1588149196.083313661
[ 9412.726352] [Project1] 3604 1588149196.868662270 1588149197.620671241
[ 9414.282574] [Project1] 3606 1588149198.412913724 1588149199.176820834
[ 9415.848686] [Project1] 3608 1588149199.970202791 1588149200.742557115
[ 9417.393765] [Project1] 3610 1588149201.538405160 1588149202.287845947
[ 9418.966497] [Project1] 3612 1588149203.082199078 1588149203.860562809
[ 9420.504208] [Project1] 3614 1588149204.645375273 1588149205.398172125
[ 9422.045298] [Project1] 3616 1588149206.193116644 1588149206.939187143
[ 9423.539553] [Project1] 3618 1588149207.701761810 1588149208.433324864
[ 9425.051441] [Project1] 3620 1588149209.198064766 1588149209.945118009
